### Musik_LEAN.wav um 12 Bit reduziert ###

0.0
0.0
0.0
8.0
-8.0
-16.0
16.0
16.0
-8.0
-16.0
0.0
16.0
8.0
-16.0
-16.0
16.0
16.0
-16.0
-16.0
16.0
24.0
-16.0
-32.0
16.0
32.0
-16.0
-16.0
16.0
-8.0
-8.0
24.0
0.0
-40.0
8.0
48.0
-8.0
-40.0
8.0
32.0
-8.0
-24.0
8.0
8.0
-8.0
8.0
8.0
-8.0
0.0
0.0
-16.0
0.0
24.0
0.0
-24.0
0.0
24.0
8.0
-24.0
-24.0
24.0
24.0
-32.0
-16.0
40.0
8.0
-40.0
0.0
32.0
-16.0
-24.0
24.0
24.0
-16.0
-24.0
8.0
16.0
0.0
-8.0
-8.0
8.0
8.0
-8.0
0.0
8.0
0.0
-16.0
0.0
16.0
0.0
0.0
-8.0
-16.0
16.0
24.0
-16.0
-24.0
16.0
8.0
-16.0
16.0
8.0
-32.0
0.0
40.0
0.0
-40.0
0.0
32.0
0.0
-16.0
-8.0
0.0
16.0
16.0
-24.0
-24.0
32.0
16.0
-32.0
0.0
16.0
-16.0
-8.0
24.0
0.0
-24.0
8.0
16.0
-8.0
-8.0
0.0
0.0
-8.0
8.0
24.0
-16.0
-32.0
24.0
32.0
-32.0
-32.0
32.0
24.0
-24.0
-8.0
24.0
0.0
-32.0
0.0
32.0
-8.0
-24.0
16.0
16.0
-16.0
0.0
24.0
-16.0
-32.0
16.0