### Musik_LEAN.wav um 1 Bit reduziert ###

0.0
0.0
0.0
16384.0
-16384.0
0.0
0.0
0.0
-16384.0
0.0
0.0
0.0
16384.0
0.0
0.0
0.0
0.0
0.0
0.0
0.0
16384.0
0.0
0.0
0.0
0.0
0.0
0.0
0.0
-16384.0
-16384.0
16384.0
0.0
-16384.0
16384.0
0.0
-16384.0
-16384.0
16384.0
0.0
-16384.0
-16384.0
16384.0
16384.0
-16384.0
16384.0
16384.0
-16384.0
0.0
0.0
0.0
0.0
16384.0
0.0
-16384.0
0.0
16384.0
16384.0
-16384.0
-16384.0
16384.0
16384.0
0.0
0.0
16384.0
16384.0
-16384.0
0.0
0.0
0.0
-16384.0
16384.0
16384.0
0.0
-16384.0
16384.0
0.0
0.0
-16384.0
-16384.0
16384.0
16384.0
-16384.0
0.0
16384.0
0.0
0.0
0.0
0.0
0.0
0.0
-16384.0
0.0
0.0
16384.0
0.0
-16384.0
0.0
16384.0
0.0
0.0
16384.0
0.0
0.0
16384.0
0.0
-16384.0
0.0
0.0
0.0
0.0
-16384.0
0.0
0.0
0.0
-16384.0
-16384.0
0.0
0.0
0.0
0.0
0.0
0.0
-16384.0
16384.0
0.0
-16384.0
16384.0
0.0
-16384.0
-16384.0
0.0
0.0
-16384.0
16384.0
16384.0
0.0
0.0
16384.0
0.0
0.0
0.0
0.0
16384.0
-16384.0
-16384.0
16384.0
0.0
0.0
0.0
0.0
-16384.0
-16384.0
0.0
0.0
0.0
0.0
16384.0
0.0
0.0
0.0