### Sprache_LEAN.wav um 12 Bit reduziert ###

984.0
1456.0
1360.0
1464.0
1496.0
1560.0
1576.0
1624.0
1672.0
1784.0
1752.0
1720.0
1760.0
1776.0
1752.0
1720.0
1704.0
1848.0
1704.0
1760.0
1664.0
1560.0
1584.0
1552.0
1640.0
1504.0
1448.0
1488.0
1480.0
1496.0
1352.0
1328.0
1256.0
1280.0
1280.0
1352.0
1392.0
1392.0
1456.0
1536.0
1560.0
1600.0
1664.0
1616.0
1616.0
1592.0
1688.0
1608.0
1536.0
1560.0
1568.0
1528.0
1544.0
1568.0
1512.0
1528.0
1480.0
1488.0
1456.0
1376.0
1368.0
1336.0
1384.0
1280.0
1328.0
1360.0
1304.0
1256.0
1272.0
1272.0
1176.0
1192.0
1056.0
1096.0
1104.0
1096.0
1136.0
1192.0
1232.0
1224.0
1208.0
1232.0
1216.0
1192.0
1176.0
1256.0
1320.0
1248.0
1272.0
1216.0
1368.0
1264.0
1352.0
1376.0
1416.0
1496.0
1400.0
1528.0
1592.0
1608.0
1568.0
1624.0
1560.0
1648.0
1576.0
1680.0
1616.0
1624.0
1696.0
1560.0
1672.0
1632.0
1712.0
1688.0
1688.0
1792.0
1832.0
1688.0
1784.0
1632.0
1680.0
1600.0
1576.0
1608.0
1480.0
1552.0
1528.0
1592.0
1496.0
1480.0
1512.0
1520.0
1448.0
1400.0
1328.0
1320.0
1232.0
1248.0
1288.0
1312.0
1352.0
1304.0
1384.0
1296.0
1344.0
1312.0
1264.0
1296.0
1192.0
1192.0
1224.0
1160.0
1272.0
1208.0
1216.0
1240.0
1224.0
1296.0
1368.0
1440.0