### Sprache_LEAN.wav um 1 Bit reduziert ###

16384.0
0.0
0.0
16384.0
16384.0
16384.0
16384.0
16384.0
16384.0
16384.0
16384.0
16384.0
0.0
0.0
16384.0
16384.0
16384.0
16384.0
16384.0
0.0
0.0
16384.0
0.0
0.0
16384.0
0.0
16384.0
0.0
16384.0
16384.0
16384.0
0.0
16384.0
0.0
0.0
16384.0
0.0
0.0
0.0
0.0
16384.0
0.0
0.0
0.0
0.0
16384.0
16384.0
16384.0
0.0
16384.0
0.0
16384.0
16384.0
0.0
16384.0
16384.0
16384.0
0.0
0.0
0.0
16384.0
16384.0
16384.0
0.0
0.0
0.0
16384.0
16384.0
16384.0
16384.0
16384.0
16384.0
0.0
16384.0
0.0
16384.0
0.0
16384.0
0.0
16384.0
16384.0
0.0
0.0
16384.0
16384.0
16384.0
16384.0
0.0
16384.0
0.0
16384.0
0.0
16384.0
0.0
16384.0
16384.0
16384.0
16384.0
16384.0
16384.0
0.0
16384.0
16384.0
0.0
16384.0
0.0
0.0
16384.0
0.0
16384.0
16384.0
0.0
0.0
16384.0
16384.0
0.0
16384.0
16384.0
16384.0
0.0
0.0
0.0
16384.0
16384.0
16384.0
0.0
16384.0
16384.0
16384.0
16384.0
16384.0
0.0
16384.0
16384.0
0.0
16384.0
0.0
0.0
16384.0
0.0
16384.0
16384.0
16384.0
0.0
0.0
0.0
0.0
0.0
16384.0
16384.0
16384.0
16384.0
16384.0
16384.0
0.0
16384.0
16384.0
0.0
16384.0
0.0